action = 0;action = 60;action = 120;action = 180;action = 240;action = 300
0.17;0.1716;0.1708;0.164;0.1708;0.1528
0.032;0.2024;0.1948;0.1824;0.2012;0.1872
0.036;0.198;0.1984;0.1872;0.198;0.1824
0.026;0.198;0.202;0.192;0.2032;0.1788
0.0248;0.2076;0.2012;0.1876;0.2024;0.1764
0.0204;0.2024;0.2008;0.1884;0.2056;0.1824
0.0204;0.2024;0.2032;0.1904;0.2068;0.1768
0.0128;0.2056;0.204;0.192;0.2064;0.1792
0.0156;0.2076;0.2016;0.1888;0.2068;0.1796
0.0136;0.2036;0.2016;0.1916;0.2028;0.1868
0.0156;0.2068;0.2016;0.1888;0.204;0.1832
0.0152;0.2072;0.2028;0.19;0.204;0.1808
0.0096;0.2056;0.2056;0.186;0.208;0.1852
0.0104;0.2076;0.2032;0.1908;0.2056;0.1824
0.008;0.2096;0.2028;0.1896;0.208;0.182
0.0112;0.2056;0.2068;0.19;0.204;0.1824
0.0136;0.2068;0.2016;0.1888;0.2036;0.1856
0.0124;0.2064;0.2044;0.1892;0.2064;0.1812
0.01;0.2028;0.2044;0.1924;0.2068;0.1836
0.0108;0.2072;0.204;0.1916;0.2024;0.184
0.008;0.2088;0.2036;0.1884;0.2076;0.1836
0.0124;0.2056;0.2032;0.188;0.2076;0.1832
0.0088;0.2088;0.2032;0.1892;0.2088;0.1812
0.008;0.2132;0.2044;0.1876;0.2068;0.18
0.006;0.2068;0.2064;0.194;0.2064;0.1804
0.0064;0.2096;0.2052;0.1916;0.206;0.1812
0.01;0.2108;0.21;0.1904;0.2016;0.1772
0.0092;0.2084;0.2064;0.1912;0.2028;0.182
0.0088;0.208;0.2032;0.1948;0.2032;0.182
0.0108;0.208;0.2076;0.1924;0.2012;0.18
0.0064;0.208;0.2064;0.1928;0.2064;0.18
0.01;0.2096;0.2064;0.1888;0.2044;0.1808
0.0112;0.204;0.2068;0.1912;0.2028;0.184
0.01;0.2088;0.204;0.192;0.2044;0.1808
0.0088;0.2084;0.2088;0.1912;0.2052;0.1776
0.0096;0.2056;0.208;0.1904;0.2032;0.1832
0.006;0.2052;0.2068;0.192;0.2068;0.1832
0.0104;0.2076;0.2032;0.1912;0.208;0.1796
0.0076;0.206;0.2072;0.1908;0.206;0.1824
0.0064;0.2048;0.2084;0.1932;0.2088;0.1784
0.0088;0.2092;0.2048;0.1916;0.2068;0.1788
0.008;0.206;0.2048;0.1912;0.208;0.182
0.014;0.2044;0.206;0.194;0.202;0.1796
0.0128;0.2056;0.2056;0.1936;0.2036;0.1788
0.0124;0.2072;0.2048;0.1932;0.2028;0.1796
0.0084;0.2092;0.2036;0.1932;0.202;0.1836
0.0048;0.21;0.202;0.1956;0.206;0.1816
0.0072;0.21;0.2032;0.1936;0.2036;0.1824
0.0068;0.2092;0.2044;0.1964;0.2;0.1832
0.0076;0.206;0.2028;0.1968;0.206;0.1808
0.0108;0.2092;0.2072;0.1928;0.2036;0.1764
0.0084;0.2104;0.2036;0.1964;0.2028;0.1784
0.0068;0.2072;0.2052;0.1984;0.2028;0.1796
0.0052;0.2072;0.208;0.1988;0.204;0.1768
0.0084;0.206;0.2084;0.1948;0.206;0.1764
0.0056;0.2072;0.2048;0.1964;0.2024;0.1836
0.0068;0.2068;0.2072;0.1964;0.2016;0.1812
0.0088;0.2072;0.2064;0.1956;0.202;0.18
0.006;0.2096;0.2056;0.198;0.1996;0.1812
0.0092;0.2116;0.2016;0.1984;0.2008;0.1784
0.0044;0.2084;0.206;0.1976;0.2008;0.1828
0.0096;0.2064;0.208;0.1944;0.1988;0.1828
0.0056;0.208;0.2076;0.1968;0.2028;0.1792
0.006;0.21;0.2056;0.1908;0.2016;0.186
0.0048;0.2068;0.2104;0.1948;0.1988;0.1844
0.0072;0.2084;0.2096;0.192;0.2;0.1828
0.0076;0.2024;0.206;0.196;0.2024;0.1856
0.01;0.206;0.2088;0.1948;0.1984;0.182
0.0064;0.206;0.2064;0.198;0.2;0.1832
0.0064;0.2052;0.2052;0.1972;0.2024;0.1836
0.0076;0.2036;0.2108;0.196;0.2;0.182
0.0076;0.2028;0.2036;0.1988;0.2052;0.182
0.0048;0.2032;0.2072;0.1996;0.2032;0.182
0.0096;0.2032;0.2048;0.1988;0.204;0.1796
0.0084;0.2036;0.2064;0.1968;0.2036;0.1812
0.0084;0.2;0.2056;0.2;0.2028;0.1832
0.0072;0.2036;0.208;0.1996;0.1988;0.1828
0.0096;0.2052;0.2048;0.1972;0.1976;0.1856
0.0076;0.1984;0.2052;0.2036;0.2;0.1852
0.0112;0.1988;0.2032;0.2012;0.202;0.1836
0.0124;0.1976;0.2044;0.2012;0.2028;0.1816
0.0088;0.2024;0.2072;0.1992;0.2024;0.18
0.0072;0.202;0.21;0.2028;0.1972;0.1808
0.0084;0.2012;0.2048;0.2024;0.2024;0.1808
0.01;0.2008;0.208;0.2016;0.1996;0.18
0.008;0.2036;0.2108;0.2004;0.1964;0.1808
0.0088;0.1996;0.2112;0.1964;0.1996;0.1844
0.0072;0.2036;0.208;0.1988;0.1996;0.1828
0.0104;0.2008;0.208;0.2004;0.1984;0.182
0.0092;0.2016;0.2076;0.2032;0.1972;0.1812
0.0076;0.2004;0.2108;0.2012;0.1996;0.1804
0.0036;0.2016;0.2132;0.2016;0.2008;0.1792
0.006;0.204;0.2052;0.2032;0.1956;0.186
0.0092;0.2024;0.2112;0.202;0.196;0.1792
0.01;0.2012;0.2132;0.1968;0.198;0.1808
0.0068;0.2036;0.2128;0.2032;0.1968;0.1768
0.0076;0.1976;0.2116;0.2044;0.1964;0.1824
0.0072;0.2016;0.2148;0.1992;0.1976;0.1796
0.0092;0.2016;0.2152;0.2004;0.1972;0.1764
0.0064;0.1988;0.2156;0.2024;0.1972;0.1796
0.0112;0.1976;0.2128;0.2016;0.1968;0.18
0.006;0.2024;0.2132;0.2048;0.1964;0.1772
0.0108;0.1996;0.214;0.2032;0.1984;0.174
0.0084;0.1996;0.2124;0.2032;0.2;0.1764
0.0096;0.1996;0.2124;0.202;0.1976;0.1788
0.01;0.2004;0.2136;0.2024;0.194;0.1796
0.0092;0.2012;0.2176;0.202;0.1976;0.1724
0.0056;0.198;0.2164;0.2076;0.1976;0.1748
0.0084;0.1944;0.2144;0.2096;0.1972;0.176
0.0064;0.2008;0.2168;0.2124;0.194;0.1696
0.0052;0.2;0.2144;0.2096;0.1968;0.174
0.0084;0.1964;0.2128;0.2092;0.1988;0.1744
0.0112;0.194;0.218;0.2116;0.1924;0.1728
0.008;0.196;0.2148;0.2144;0.194;0.1728
0.0052;0.1948;0.214;0.214;0.1944;0.1776
0.0136;0.1928;0.2148;0.2132;0.1932;0.1724
0.0052;0.1988;0.2152;0.2172;0.194;0.1696
0.0072;0.1968;0.2156;0.2128;0.1976;0.17
0.0088;0.1964;0.2156;0.214;0.1952;0.17
0.0048;0.198;0.2152;0.212;0.1964;0.1736
0.0076;0.1948;0.2188;0.2124;0.1916;0.1748
0.0068;0.1968;0.212;0.2152;0.1948;0.1744
0.0096;0.1936;0.2152;0.2132;0.198;0.1704
0.0072;0.198;0.212;0.2136;0.1992;0.17
0.0096;0.1948;0.2132;0.216;0.1952;0.1712
0.0084;0.1976;0.214;0.2144;0.196;0.1696
0.0096;0.1996;0.2132;0.2176;0.1908;0.1692
0.008;0.1968;0.2124;0.2156;0.1956;0.1716
0.0076;0.2004;0.2136;0.2148;0.1964;0.1672
0.006;0.1984;0.2148;0.2176;0.1936;0.1696
0.0088;0.1976;0.2128;0.2168;0.1948;0.1692
0.0096;0.1972;0.2128;0.2176;0.1944;0.1684
0.0092;0.1972;0.2132;0.218;0.1952;0.1672
0.008;0.1948;0.2148;0.2188;0.1948;0.1688
0.0104;0.1944;0.2128;0.2176;0.198;0.1668
0.0108;0.1976;0.2144;0.2144;0.1952;0.1676
0.0068;0.1984;0.2152;0.218;0.1952;0.1664
0.0096;0.2016;0.214;0.22;0.1932;0.1616
0.01;0.198;0.2144;0.2212;0.1936;0.1628
0.0088;0.196;0.214;0.22;0.1936;0.1676
0.0088;0.2016;0.2136;0.218;0.1916;0.1664
0.012;0.1976;0.2152;0.2184;0.19;0.1668
0.0068;0.2008;0.2188;0.2172;0.1908;0.1656
0.0072;0.2008;0.2196;0.216;0.1924;0.164
0.0072;0.1964;0.2192;0.2212;0.1916;0.1644
0.008;0.1956;0.2208;0.2184;0.1892;0.168
0.0064;0.2008;0.2188;0.2176;0.1908;0.1656
0.0076;0.2;0.2212;0.2184;0.1884;0.1644
0.0076;0.1976;0.2184;0.2176;0.1916;0.1672
0.0076;0.1964;0.2184;0.218;0.1916;0.168
0.0132;0.1972;0.216;0.216;0.1912;0.1664
0.0064;0.198;0.2172;0.2204;0.1892;0.1688
0.0068;0.1944;0.216;0.22;0.1928;0.17
0.008;0.1944;0.2172;0.2192;0.192;0.1692
0.0088;0.1968;0.2156;0.2192;0.1932;0.1664
0.0084;0.1984;0.2172;0.2224;0.1916;0.162
0.008;0.1988;0.216;0.2196;0.1892;0.1684
0.008;0.198;0.2148;0.222;0.1904;0.1668
0.008;0.1976;0.2136;0.2236;0.1896;0.1676
0.008;0.1928;0.2188;0.222;0.1924;0.166
0.0084;0.1976;0.2164;0.2228;0.1904;0.1644
0.0036;0.1956;0.2184;0.2236;0.1916;0.1672
0.0056;0.198;0.214;0.2224;0.1936;0.1664
0.0084;0.1936;0.2192;0.22;0.1936;0.1652
0.0056;0.1932;0.2152;0.2232;0.1948;0.168
0.006;0.198;0.2164;0.2216;0.1936;0.1644
0.0092;0.1888;0.2156;0.2228;0.1964;0.1672
0.0068;0.192;0.2152;0.2236;0.1944;0.168
0.0092;0.19;0.2172;0.2232;0.1952;0.1652
0.0108;0.1936;0.2136;0.2228;0.1932;0.166
0.0076;0.1912;0.2208;0.2248;0.194;0.1616
0.0064;0.1896;0.2196;0.222;0.1968;0.1656
0.0092;0.192;0.2176;0.2232;0.1948;0.1632
0.01;0.1884;0.2172;0.222;0.1956;0.1668
0.0072;0.1908;0.22;0.2264;0.1928;0.1628
0.01;0.1876;0.2176;0.2224;0.1948;0.1676
0.008;0.1904;0.2212;0.2236;0.1944;0.1624
0.008;0.1888;0.218;0.2232;0.1984;0.1636
0.0088;0.19;0.2176;0.222;0.196;0.1656
0.0076;0.1876;0.2192;0.2252;0.1976;0.1628
0.0084;0.1888;0.222;0.222;0.196;0.1628
0.012;0.19;0.2204;0.2224;0.194;0.1612
0.008;0.1884;0.2156;0.2228;0.2012;0.164
0.0088;0.1932;0.2172;0.2192;0.1984;0.1632
0.0072;0.1892;0.214;0.2224;0.2;0.1672
0.0112;0.188;0.2148;0.2192;0.202;0.1648
0.0096;0.1876;0.2156;0.224;0.1968;0.1664
0.0076;0.1872;0.2112;0.2288;0.202;0.1632
0.0064;0.1912;0.2128;0.2288;0.1976;0.1632
0.0052;0.1912;0.2124;0.2272;0.2008;0.1632
0.0076;0.1908;0.2144;0.226;0.2004;0.1608
0.0084;0.19;0.2136;0.2244;0.2024;0.1612
0.0108;0.1916;0.2136;0.2264;0.1992;0.1584
0.0112;0.1904;0.2112;0.2252;0.1996;0.1624
0.0076;0.1912;0.2144;0.2252;0.196;0.1656
0.0064;0.1936;0.2196;0.2232;0.1948;0.1624
0.008;0.1952;0.2156;0.2248;0.198;0.1584
0.0108;0.1908;0.218;0.224;0.1944;0.162
0.0084;0.1928;0.2148;0.2272;0.1972;0.1596
0.01;0.1928;0.218;0.2232;0.196;0.16
0.0088;0.1892;0.2172;0.2276;0.1956;0.1616
0.012;0.1892;0.2172;0.23;0.192;0.1596
0.014;0.1864;0.2144;0.2296;0.1932;0.1624
0.01;0.1884;0.2152;0.2296;0.1956;0.1612
0.0096;0.1872;0.2208;0.2284;0.1976;0.1564
0.0084;0.19;0.2148;0.2332;0.1976;0.156
0.0088;0.1916;0.2176;0.2288;0.1936;0.1596
0.008;0.1904;0.2168;0.2292;0.1968;0.1588
0.01;0.1884;0.2168;0.228;0.1948;0.162
0.0132;0.1908;0.214;0.2276;0.1948;0.1596
0.0112;0.1904;0.2116;0.2296;0.194;0.1632
0.0092;0.1908;0.2124;0.2296;0.1972;0.1608
0.0096;0.192;0.2136;0.2288;0.1928;0.1632
0.0112;0.1908;0.2168;0.2272;0.1932;0.1608
0.0076;0.1924;0.21;0.2336;0.1944;0.162
0.0052;0.1924;0.2172;0.2344;0.1928;0.158
0.0092;0.1908;0.2132;0.2348;0.1896;0.1624
0.0108;0.194;0.2156;0.2312;0.1904;0.158
0.0108;0.1892;0.2148;0.232;0.1936;0.1596
0.01;0.1948;0.2136;0.2312;0.19;0.1604
0.0104;0.1896;0.2136;0.2348;0.1932;0.1584
0.0084;0.19;0.2168;0.2344;0.1912;0.1592
0.0096;0.1924;0.2152;0.2352;0.19;0.1576
0.0088;0.188;0.2128;0.2356;0.1944;0.1604
0.0068;0.1976;0.212;0.2344;0.1908;0.1584
0.0108;0.1928;0.2128;0.2356;0.19;0.158
0.008;0.1952;0.2112;0.2376;0.1884;0.1596
0.0112;0.1932;0.2128;0.2328;0.1924;0.1576
0.008;0.196;0.214;0.2388;0.1892;0.154
0.0092;0.1988;0.208;0.2376;0.1888;0.1576
0.0116;0.1944;0.2128;0.2372;0.1872;0.1568
0.0108;0.1956;0.2096;0.238;0.1908;0.1552
0.0104;0.196;0.2136;0.2364;0.1872;0.1564
0.0096;0.1964;0.2116;0.2384;0.1872;0.1568
0.0088;0.1944;0.2104;0.2392;0.188;0.1592
0.008;0.198;0.2152;0.2388;0.1888;0.1512
0.0072;0.1968;0.214;0.2388;0.1872;0.156
0.0144;0.1948;0.2108;0.2388;0.1896;0.1516
0.0064;0.192;0.2144;0.2424;0.1912;0.1536
0.0108;0.1928;0.2152;0.2396;0.1884;0.1532
0.0116;0.194;0.2168;0.2388;0.188;0.1508
0.0104;0.2;0.2132;0.238;0.1876;0.1508
0.0108;0.194;0.21;0.2416;0.1888;0.1548
0.0112;0.1924;0.2112;0.2444;0.1868;0.154
0.0112;0.1912;0.2124;0.2432;0.1868;0.1552
0.0108;0.1956;0.212;0.242;0.188;0.1516
0.0104;0.1928;0.212;0.242;0.188;0.1548
0.0116;0.1904;0.2124;0.2444;0.1872;0.154
0.0104;0.192;0.2132;0.24;0.1892;0.1552
0.0112;0.1936;0.2112;0.2376;0.1892;0.1572
0.01;0.1916;0.2132;0.2404;0.188;0.1568
0.0092;0.1936;0.2092;0.2416;0.192;0.1544
0.01;0.19;0.21;0.2456;0.1896;0.1548
0.0064;0.1904;0.2124;0.2424;0.1912;0.1572
0.0064;0.1948;0.2108;0.2404;0.1896;0.158
0.0088;0.1924;0.212;0.2408;0.1896;0.1564
0.0068;0.1916;0.21;0.242;0.1896;0.16
0.0064;0.1932;0.2092;0.2436;0.1908;0.1568
0.0084;0.1888;0.21;0.2404;0.1924;0.16
0.0092;0.1884;0.2088;0.244;0.1916;0.158
0.0072;0.1876;0.212;0.2476;0.1924;0.1532
0.0104;0.1924;0.2136;0.242;0.1884;0.1532
0.0096;0.1892;0.2136;0.2408;0.1888;0.158
0.0064;0.19;0.2108;0.2448;0.1896;0.1584
0.0116;0.1904;0.2124;0.2428;0.1872;0.1556
0.0092;0.1888;0.2152;0.2436;0.1892;0.154
0.01;0.1908;0.2108;0.244;0.1888;0.1556
0.008;0.19;0.2112;0.2456;0.19;0.1552
0.01;0.1888;0.2108;0.2476;0.1872;0.1556
0.0084;0.1892;0.2128;0.2488;0.1852;0.1556
0.0108;0.1868;0.2116;0.2456;0.1896;0.1556
0.0052;0.1916;0.2144;0.2476;0.1864;0.1548
0.008;0.1868;0.2132;0.2484;0.1904;0.1532
0.0088;0.1872;0.2116;0.2484;0.1912;0.1528
0.012;0.1864;0.2116;0.2476;0.1884;0.154
0.012;0.1884;0.208;0.2472;0.1896;0.1548
0.0084;0.1872;0.2096;0.248;0.1932;0.1536
0.0112;0.1876;0.2116;0.2492;0.1904;0.15
0.0076;0.1872;0.2096;0.2552;0.1892;0.1512
0.0108;0.1844;0.2084;0.2472;0.1932;0.156
0.006;0.1896;0.2096;0.25;0.1896;0.1552
0.0104;0.1876;0.212;0.2456;0.1908;0.1536
0.0092;0.1892;0.2064;0.2476;0.1936;0.154
0.0088;0.1896;0.2076;0.2456;0.1956;0.1528
0.0088;0.19;0.2076;0.2512;0.1892;0.1532
0.0108;0.188;0.2096;0.2468;0.1908;0.154
0.0108;0.1856;0.2076;0.2536;0.1888;0.1536
0.0076;0.182;0.2168;0.2484;0.1916;0.1536
0.0084;0.1872;0.2112;0.2488;0.1884;0.156
0.0068;0.1856;0.212;0.2508;0.1904;0.1544
0.0092;0.1872;0.2096;0.248;0.1916;0.1544
0.0088;0.188;0.21;0.2472;0.1924;0.1536
0.0088;0.188;0.2076;0.2472;0.1936;0.1548
0.008;0.1872;0.2128;0.2456;0.1904;0.156
0.0076;0.1848;0.2144;0.248;0.1908;0.1544
0.0088;0.1876;0.21;0.2448;0.1908;0.158
0.0104;0.1868;0.2104;0.25;0.1852;0.1572
0.0088;0.188;0.2072;0.2508;0.1892;0.156
0.0084;0.194;0.2052;0.2492;0.1884;0.1548
0.0072;0.186;0.2104;0.2492;0.19;0.1572
0.0088;0.186;0.2116;0.2532;0.1872;0.1532
0.0112;0.1848;0.2104;0.2524;0.1876;0.1536
0.0112;0.184;0.208;0.254;0.1892;0.1536
0.0084;0.184;0.2072;0.2548;0.188;0.1576
0.01;0.184;0.2112;0.2544;0.1844;0.156
0.0104;0.1852;0.2088;0.2564;0.1856;0.1536
0.0072;0.186;0.2088;0.2516;0.1904;0.156
0.0092;0.1872;0.208;0.2512;0.1896;0.1548
0.0076;0.1836;0.2064;0.2552;0.1908;0.1564
0.0088;0.188;0.21;0.2496;0.1896;0.154
0.008;0.1888;0.2072;0.254;0.1888;0.1532
0.01;0.1848;0.2052;0.2552;0.188;0.1568
0.0092;0.19;0.2072;0.2532;0.1888;0.1516
0.0092;0.1888;0.206;0.2536;0.1888;0.1536
0.0104;0.1904;0.206;0.2524;0.1888;0.152
0.0088;0.1904;0.2064;0.252;0.1916;0.1508
0.0076;0.1912;0.2072;0.2568;0.1868;0.1504
0.01;0.1892;0.2064;0.2532;0.1904;0.1508
0.0092;0.1904;0.2032;0.2504;0.1936;0.1532
0.006;0.194;0.2056;0.25;0.1908;0.1536
0.0116;0.186;0.2108;0.254;0.1872;0.1504
0.0076;0.19;0.2032;0.2568;0.1912;0.1512
0.0088;0.1936;0.2036;0.2512;0.1908;0.152
0.0088;0.1892;0.2056;0.254;0.1936;0.1488
0.0104;0.19;0.2052;0.254;0.1888;0.1516
0.0128;0.186;0.208;0.2488;0.1876;0.1568
0.0092;0.19;0.2056;0.2492;0.1952;0.1508
0.0076;0.1884;0.2096;0.2548;0.19;0.1496
0.0104;0.1904;0.2056;0.256;0.1904;0.1472
0.008;0.192;0.204;0.2556;0.1896;0.1508
0.0072;0.1892;0.2036;0.2576;0.1904;0.152
0.01;0.188;0.21;0.2528;0.1908;0.1484
0.0104;0.1896;0.2016;0.2548;0.192;0.1516
0.0092;0.1892;0.2044;0.26;0.19;0.1472
0.006;0.1884;0.2036;0.2584;0.1912;0.1524
0.01;0.1916;0.2016;0.2564;0.1924;0.148
0.0096;0.19;0.204;0.2564;0.19;0.15
0.0144;0.1888;0.2024;0.2572;0.1888;0.1484
0.008;0.1876;0.2004;0.2648;0.1892;0.15
0.0124;0.1876;0.2024;0.2572;0.1924;0.148
0.01;0.1864;0.2036;0.2584;0.1944;0.1472
0.0092;0.1892;0.2072;0.2576;0.1916;0.1452
0.0104;0.1908;0.2036;0.258;0.19;0.1472
0.0088;0.1892;0.2016;0.2588;0.1912;0.1504
0.0096;0.1856;0.204;0.26;0.1948;0.146
0.0076;0.1864;0.2036;0.2596;0.194;0.1488
0.008;0.1856;0.2044;0.26;0.1928;0.1492
0.0132;0.1848;0.2068;0.26;0.1888;0.1464
0.0064;0.182;0.2064;0.262;0.1928;0.1504
0.01;0.1852;0.2064;0.2612;0.1932;0.144
0.0132;0.1872;0.2032;0.2576;0.1908;0.148
0.0132;0.1848;0.2088;0.2564;0.1928;0.144
0.0096;0.1864;0.2048;0.2576;0.1936;0.148
0.01;0.1864;0.2104;0.2592;0.1888;0.1452
0.0116;0.1816;0.2048;0.2636;0.1936;0.1448
0.0112;0.1812;0.2048;0.2564;0.1988;0.1476
0.0104;0.1804;0.2044;0.2592;0.1952;0.1504
0.01;0.184;0.2088;0.2568;0.1944;0.146
0.0096;0.1828;0.2076;0.2564;0.1916;0.152
0.0096;0.1792;0.2108;0.2568;0.1956;0.148
0.0076;0.184;0.2072;0.2588;0.1944;0.148
0.0076;0.1828;0.2124;0.2552;0.1924;0.1496
0.0116;0.188;0.206;0.2516;0.1952;0.1476
0.0116;0.1788;0.2108;0.2532;0.1952;0.1504
0.0116;0.1848;0.2056;0.2552;0.196;0.1468
0.0112;0.184;0.2044;0.258;0.1968;0.1456
0.0116;0.182;0.2084;0.2544;0.1968;0.1468
0.0112;0.1836;0.2068;0.2556;0.1988;0.144
0.0132;0.1868;0.2056;0.2556;0.1956;0.1432
0.0124;0.1864;0.2028;0.2544;0.1992;0.1448
0.0116;0.1852;0.2032;0.2536;0.1988;0.1476
0.0112;0.1856;0.2064;0.25;0.2004;0.1464
0.006;0.184;0.2088;0.2572;0.1956;0.1484
0.0096;0.1868;0.2044;0.2548;0.1972;0.1472
0.012;0.1872;0.2044;0.2536;0.1956;0.1472
0.0068;0.1884;0.208;0.2584;0.1952;0.1432
0.0136;0.1868;0.206;0.2528;0.2008;0.14
0.0088;0.1884;0.2084;0.2536;0.1988;0.142
0.0144;0.1848;0.204;0.2528;0.1988;0.1452
0.0104;0.1884;0.204;0.25;0.1992;0.148
0.006;0.1856;0.2076;0.2548;0.1968;0.1492
0.0104;0.1864;0.2052;0.2536;0.1992;0.1452
0.0116;0.1868;0.206;0.2564;0.1952;0.144
0.008;0.1864;0.204;0.2532;0.1956;0.1528
0.0076;0.1888;0.2032;0.2564;0.198;0.146
0.0108;0.1812;0.2104;0.2548;0.1984;0.1444
0.0096;0.1848;0.202;0.2584;0.2024;0.1428
0.0068;0.1884;0.2016;0.2572;0.1972;0.1488
0.008;0.1884;0.2036;0.2576;0.198;0.1444
0.0084;0.186;0.2052;0.2544;0.204;0.142
0.0116;0.184;0.208;0.2524;0.2;0.144
0.01;0.1812;0.21;0.2532;0.2028;0.1428
0.008;0.1852;0.21;0.2536;0.1988;0.1444
0.0088;0.1864;0.206;0.2564;0.1968;0.1456
0.0096;0.1832;0.2064;0.2564;0.2008;0.1436
0.01;0.182;0.2084;0.256;0.1968;0.1468
0.0096;0.184;0.2076;0.2556;0.1996;0.1436
0.0108;0.1848;0.204;0.2588;0.1984;0.1432
0.0068;0.1852;0.2084;0.2556;0.1988;0.1452
0.008;0.1804;0.21;0.2608;0.196;0.1448
0.0092;0.1832;0.2056;0.2576;0.1996;0.1448
0.0056;0.1844;0.2088;0.258;0.1992;0.144
0.0096;0.1848;0.2088;0.2564;0.1952;0.1452
0.0104;0.1836;0.2076;0.2568;0.2004;0.1412
0.012;0.1848;0.2072;0.2548;0.198;0.1432
0.0096;0.1836;0.2072;0.2524;0.2024;0.1448
0.01;0.184;0.2088;0.2524;0.1992;0.1456
0.0096;0.1848;0.21;0.2536;0.198;0.144
0.0116;0.1828;0.2064;0.2556;0.198;0.1456
0.0108;0.1816;0.2076;0.2564;0.1988;0.1448
0.0072;0.1844;0.212;0.2552;0.198;0.1432
0.0068;0.1832;0.2092;0.256;0.2;0.1448
0.0096;0.1804;0.2088;0.2588;0.1956;0.1468
0.01;0.1832;0.2088;0.2592;0.1964;0.1424
0.01;0.1812;0.2028;0.258;0.2008;0.1472
0.0108;0.1808;0.2108;0.254;0.2;0.1436
0.0128;0.1868;0.2052;0.2528;0.2;0.1424
0.0084;0.1872;0.206;0.2592;0.1964;0.1428
0.0104;0.1856;0.208;0.2576;0.1928;0.1456
0.0124;0.184;0.208;0.2584;0.196;0.1412
0.0092;0.1848;0.2076;0.258;0.1996;0.1408
0.012;0.186;0.2052;0.2596;0.198;0.1392
0.0112;0.1836;0.2108;0.256;0.1976;0.1408
0.0084;0.1864;0.2072;0.2588;0.1992;0.14
0.012;0.184;0.2048;0.256;0.2016;0.1416
0.0088;0.186;0.2088;0.2576;0.1964;0.1424
0.0092;0.186;0.2064;0.2592;0.1992;0.14
0.0088;0.1836;0.2096;0.2576;0.1992;0.1412
0.0128;0.1864;0.206;0.2568;0.1968;0.1412
0.0104;0.1844;0.2072;0.2608;0.1984;0.1388
0.0136;0.1824;0.2096;0.2596;0.1948;0.14
0.012;0.1828;0.2084;0.2588;0.1956;0.1424
0.0116;0.182;0.208;0.26;0.198;0.1404
0.01;0.1844;0.2096;0.2572;0.196;0.1428
0.0068;0.182;0.2092;0.2616;0.1996;0.1408
0.0116;0.1848;0.2052;0.2624;0.196;0.14
0.0096;0.182;0.2072;0.2644;0.1976;0.1392
0.0068;0.182;0.2096;0.2624;0.1976;0.1416
0.0084;0.18;0.2024;0.2644;0.2;0.1448
0.0076;0.1808;0.2096;0.2632;0.1972;0.1416
0.008;0.1828;0.2048;0.2636;0.2004;0.1404
0.0096;0.1792;0.2068;0.2636;0.2004;0.1404
0.0092;0.1804;0.2048;0.2672;0.1976;0.1408
0.0112;0.1764;0.2068;0.2612;0.2016;0.1428
0.0112;0.1784;0.2088;0.2628;0.196;0.1428
0.0112;0.178;0.2068;0.264;0.198;0.142
0.0096;0.1808;0.2076;0.2656;0.1976;0.1388
0.008;0.1784;0.2084;0.2656;0.1992;0.1404
0.01;0.1816;0.204;0.266;0.198;0.1404
0.012;0.1764;0.2056;0.2652;0.1996;0.1412
0.0116;0.1748;0.2092;0.2656;0.198;0.1408
0.008;0.182;0.2076;0.2624;0.1988;0.1412
0.0112;0.1772;0.2064;0.2636;0.2012;0.1404
0.0096;0.178;0.2076;0.2632;0.2;0.1416
0.0092;0.1768;0.212;0.2644;0.1976;0.14
0.0104;0.1772;0.2076;0.264;0.204;0.1368
0.01;0.1792;0.2096;0.2644;0.1992;0.1376
0.006;0.1812;0.2112;0.2632;0.1992;0.1392
0.0116;0.1748;0.2132;0.2612;0.2004;0.1388
0.0092;0.18;0.21;0.2616;0.2016;0.1376
0.0108;0.1788;0.2116;0.2588;0.1996;0.1404
0.0108;0.1764;0.214;0.2636;0.1996;0.1356
0.0104;0.1752;0.2088;0.262;0.2028;0.1408
0.014;0.1796;0.21;0.2592;0.1996;0.1376
0.0088;0.1764;0.2124;0.2628;0.1992;0.1404
0.008;0.1788;0.2084;0.2648;0.2032;0.1368
0.0068;0.1784;0.2112;0.2644;0.2004;0.1388
0.0108;0.18;0.2112;0.2644;0.1968;0.1368
0.0088;0.1732;0.2116;0.27;0.196;0.1404
0.0084;0.1744;0.212;0.264;0.204;0.1372
0.0092;0.1736;0.2084;0.2668;0.2016;0.1404
0.0144;0.1748;0.2096;0.2664;0.2012;0.1336
0.008;0.176;0.2144;0.264;0.2012;0.1364
0.0112;0.1756;0.2104;0.264;0.2004;0.1384
0.0076;0.1744;0.2124;0.2688;0.2016;0.1352
0.0104;0.1768;0.2128;0.2648;0.2008;0.1344
0.0092;0.1744;0.2124;0.2652;0.2028;0.136
0.0136;0.1724;0.2136;0.2636;0.2012;0.1356
0.0132;0.1728;0.212;0.2624;0.2008;0.1388
0.01;0.172;0.214;0.268;0.2044;0.1316
0.012;0.172;0.2136;0.264;0.2032;0.1352
0.0116;0.1704;0.2096;0.2692;0.2056;0.1336
0.01;0.172;0.2116;0.2692;0.2048;0.1324
0.0128;0.1696;0.2112;0.272;0.2008;0.1336
0.0124;0.1728;0.2084;0.2704;0.2024;0.1336
0.0084;0.1752;0.2104;0.2676;0.204;0.1344
0.0092;0.1724;0.2184;0.266;0.2008;0.1332
0.0076;0.174;0.214;0.266;0.2028;0.1356
0.0112;0.1712;0.2136;0.2676;0.2024;0.134
0.0092;0.1748;0.2112;0.2648;0.2048;0.1352
0.0084;0.1712;0.2136;0.2716;0.2008;0.1344
0.01;0.1716;0.2152;0.2668;0.2016;0.1348
0.0132;0.1704;0.214;0.2664;0.2012;0.1348
0.0124;0.1724;0.2132;0.2656;0.2048;0.1316
0.0112;0.1736;0.2164;0.2664;0.2016;0.1308
0.0088;0.1704;0.2168;0.268;0.2028;0.1332
0.0088;0.1692;0.214;0.2684;0.2056;0.134
0.0096;0.1708;0.2112;0.2716;0.204;0.1328
0.0112;0.1728;0.2128;0.266;0.2016;0.1356
0.0112;0.1704;0.214;0.2708;0.2024;0.1312
0.0104;0.1712;0.2128;0.2716;0.2032;0.1308
0.0096;0.1708;0.216;0.2684;0.2032;0.132
0.0112;0.17;0.2124;0.2732;0.1996;0.1336
0.0068;0.1708;0.2164;0.272;0.2012;0.1328
0.0116;0.1704;0.2148;0.2692;0.2012;0.1328
0.008;0.17;0.2168;0.2732;0.2008;0.1312
0.0116;0.1712;0.2128;0.2696;0.2036;0.1312
0.0136;0.1648;0.216;0.274;0.2032;0.1284
0.0132;0.1688;0.2108;0.2712;0.2032;0.1328
0.01;0.166;0.2172;0.2724;0.204;0.1304
0.01;0.1668;0.2192;0.2688;0.202;0.1332
0.0124;0.164;0.2152;0.2708;0.2068;0.1308
0.0116;0.1648;0.2188;0.2692;0.2032;0.1324
0.012;0.1632;0.214;0.2732;0.2036;0.134
0.0104;0.1656;0.2152;0.2736;0.206;0.1292
0.0132;0.1664;0.2164;0.2696;0.202;0.1324
0.012;0.1648;0.2172;0.2716;0.2028;0.1316
0.0076;0.1628;0.218;0.276;0.2024;0.1332
0.0064;0.1668;0.2204;0.2756;0.2028;0.128
0.014;0.1624;0.2156;0.2732;0.2016;0.1332
0.0108;0.1644;0.2192;0.2748;0.1984;0.1324
0.0136;0.1652;0.2168;0.2724;0.2036;0.1284
0.0112;0.1656;0.218;0.2712;0.202;0.132
0.014;0.164;0.2172;0.2732;0.2048;0.1268
0.01;0.1656;0.216;0.274;0.2032;0.1312
0.0108;0.1632;0.2188;0.2732;0.2008;0.1332
0.0128;0.1648;0.2176;0.2728;0.2016;0.1304
0.0144;0.1624;0.2168;0.2704;0.2052;0.1308
0.0116;0.1644;0.2148;0.2676;0.2036;0.138
0.0096;0.1664;0.2176;0.2708;0.2052;0.1304
0.0112;0.1636;0.2196;0.2712;0.2056;0.1288
0.0108;0.1684;0.2164;0.2712;0.2032;0.13
0.0108;0.1708;0.2188;0.2688;0.2028;0.128
0.0116;0.1668;0.2196;0.272;0.2028;0.1272
0.0104;0.1644;0.2196;0.2716;0.206;0.128
0.0144;0.1652;0.2192;0.2708;0.2016;0.1288
0.012;0.162;0.2184;0.2724;0.2036;0.1316
0.0104;0.1656;0.2172;0.2692;0.206;0.1316
0.0128;0.1636;0.2184;0.272;0.2052;0.128
0.012;0.1652;0.2188;0.2712;0.2072;0.1256
0.0112;0.1668;0.2164;0.2724;0.208;0.1252
0.0088;0.162;0.216;0.2736;0.2112;0.1284
0.0108;0.168;0.222;0.2668;0.204;0.1284
0.0136;0.17;0.2168;0.2692;0.202;0.1284
0.012;0.1656;0.2176;0.272;0.204;0.1288
0.0096;0.166;0.2136;0.2732;0.2064;0.1312
0.0092;0.168;0.2168;0.268;0.2116;0.1264
0.0128;0.1664;0.2148;0.2696;0.2056;0.1308
0.0072;0.1648;0.2132;0.28;0.2068;0.128
0.012;0.164;0.216;0.2736;0.206;0.1284
0.0152;0.164;0.2168;0.2708;0.2056;0.1276
0.0116;0.1668;0.2172;0.2696;0.2028;0.132
0.012;0.1656;0.2164;0.2716;0.208;0.1264
0.0128;0.1656;0.216;0.2712;0.202;0.1324
0.0168;0.162;0.2156;0.2736;0.2048;0.1272
0.012;0.1644;0.2176;0.2712;0.2068;0.128
0.01;0.1648;0.2164;0.2728;0.2056;0.1304
0.01;0.1692;0.218;0.2724;0.204;0.1264
0.0084;0.168;0.2192;0.2704;0.2044;0.1296
0.0108;0.1628;0.2196;0.272;0.2068;0.128
0.01;0.168;0.218;0.2696;0.2044;0.13
0.0084;0.1676;0.2196;0.272;0.2064;0.126
0.0136;0.1648;0.214;0.2728;0.2064;0.1284
0.0112;0.1672;0.2144;0.274;0.204;0.1292
0.008;0.1668;0.2208;0.2684;0.2048;0.1312
0.0092;0.166;0.2224;0.2708;0.2056;0.126
0.0088;0.1652;0.2208;0.2724;0.2044;0.1284
0.0116;0.1636;0.2216;0.2664;0.2052;0.1316
0.0084;0.1612;0.224;0.2704;0.206;0.13
0.0048;0.1632;0.2216;0.2704;0.21;0.13
0.0096;0.1636;0.2204;0.2716;0.2048;0.13
0.01;0.16;0.2184;0.2736;0.2088;0.1292
0.0104;0.162;0.2232;0.268;0.2096;0.1268
0.0124;0.164;0.2172;0.2688;0.2092;0.1284
0.0096;0.1636;0.2172;0.2736;0.2104;0.1256
0.0124;0.1636;0.2172;0.2716;0.2056;0.1296
0.0092;0.1644;0.2184;0.2716;0.2072;0.1292
0.01;0.166;0.2208;0.2664;0.208;0.1288
0.0124;0.1656;0.2172;0.272;0.2064;0.1264
0.0112;0.1676;0.216;0.2688;0.2104;0.126
0.0112;0.1632;0.2156;0.2684;0.2128;0.1288
0.0104;0.1668;0.2156;0.2712;0.2064;0.1296
0.0084;0.1656;0.2172;0.2696;0.2096;0.1296
0.0096;0.1648;0.2176;0.2676;0.2092;0.1312
0.0104;0.1612;0.218;0.272;0.2104;0.128
0.0112;0.1628;0.2156;0.2728;0.2124;0.1252
0.012;0.1664;0.2136;0.2688;0.21;0.1292
0.012;0.1636;0.2176;0.27;0.2088;0.128
0.0092;0.1648;0.2232;0.2704;0.208;0.1244
0.0076;0.1668;0.216;0.274;0.2116;0.124
0.0104;0.1656;0.2168;0.2756;0.2064;0.1252
0.008;0.1604;0.2184;0.2752;0.2108;0.1272
0.0128;0.1588;0.2208;0.272;0.2092;0.1264
0.0124;0.1624;0.2152;0.2756;0.2096;0.1248
0.0092;0.1636;0.2164;0.272;0.2084;0.1304
0.0088;0.1632;0.2216;0.2704;0.2096;0.1264
0.0096;0.1648;0.2172;0.2716;0.2096;0.1272
0.0092;0.1644;0.2164;0.2752;0.208;0.1268
0.0152;0.1624;0.2168;0.2744;0.206;0.1252
0.0124;0.162;0.2168;0.2728;0.2092;0.1268
0.0124;0.1644;0.2168;0.2716;0.2116;0.1232
0.0092;0.166;0.2176;0.2732;0.2096;0.1244
0.01;0.162;0.216;0.274;0.2092;0.1288
0.0084;0.1624;0.2184;0.2716;0.2096;0.1296
0.0096;0.168;0.218;0.272;0.2084;0.124
0.0092;0.1576;0.2252;0.2772;0.2064;0.1244
0.0116;0.1604;0.2172;0.276;0.2088;0.126
0.012;0.1612;0.2176;0.2724;0.2096;0.1272
0.0104;0.164;0.2212;0.2704;0.2092;0.1248
0.0104;0.1628;0.2188;0.2736;0.2116;0.1228
0.0084;0.1616;0.2204;0.2764;0.2076;0.1256
0.0056;0.1588;0.2248;0.276;0.2064;0.1284
0.0112;0.16;0.222;0.2728;0.2056;0.1284
0.01;0.1604;0.2216;0.2736;0.2072;0.1272
0.0168;0.1616;0.2136;0.2728;0.2108;0.1244
0.0068;0.162;0.2184;0.272;0.2112;0.1296
0.0112;0.1616;0.2216;0.2704;0.2076;0.1276
0.0088;0.1592;0.22;0.2768;0.2096;0.1256
0.0128;0.162;0.218;0.2688;0.2096;0.1288
0.0104;0.1584;0.2212;0.2724;0.2092;0.1284
0.0104;0.1588;0.2172;0.27;0.214;0.1296
0.0116;0.1572;0.2184;0.2704;0.2132;0.1292
0.012;0.1652;0.2204;0.2668;0.2096;0.126
0.0076;0.1612;0.2216;0.2704;0.2124;0.1268
0.0112;0.1568;0.2256;0.2712;0.2076;0.1276
0.0096;0.164;0.22;0.2768;0.2068;0.1228
0.0076;0.1612;0.22;0.274;0.2104;0.1268
0.0112;0.1596;0.2212;0.2696;0.2116;0.1268
0.0124;0.16;0.2236;0.27;0.2088;0.1252
0.0124;0.1604;0.2228;0.2768;0.2052;0.1224
0.0096;0.1584;0.2224;0.2744;0.2116;0.1236
0.0132;0.16;0.2208;0.272;0.2096;0.1244
0.012;0.1612;0.2232;0.2704;0.2104;0.1228
0.012;0.1584;0.2232;0.27;0.2088;0.1276
0.0064;0.1612;0.2228;0.2728;0.2092;0.1276
0.0136;0.1628;0.2224;0.2732;0.2064;0.1216
0.01;0.1596;0.2228;0.2712;0.21;0.1264
0.0096;0.1588;0.2232;0.2768;0.2072;0.1244
0.0136;0.1612;0.2216;0.272;0.2088;0.1228
0.012;0.1624;0.2248;0.2736;0.2052;0.122
0.0136;0.1608;0.224;0.2724;0.2064;0.1228
0.012;0.1596;0.2228;0.2728;0.2084;0.1244
0.0088;0.1656;0.2244;0.2708;0.2076;0.1228
0.0112;0.1612;0.2236;0.2732;0.2072;0.1236
0.012;0.16;0.2232;0.2772;0.2052;0.1224
0.0112;0.16;0.2248;0.2744;0.2076;0.122
0.01;0.1616;0.2236;0.276;0.2048;0.124
0.0132;0.1576;0.222;0.2788;0.2044;0.124
0.008;0.1612;0.224;0.2756;0.208;0.1232
0.0112;0.16;0.2232;0.278;0.206;0.1216
0.0064;0.16;0.2256;0.2748;0.212;0.1212
0.01;0.162;0.2236;0.2776;0.204;0.1228
0.0068;0.1628;0.2268;0.278;0.2056;0.12
0.0108;0.1644;0.2228;0.2752;0.2048;0.122
0.0132;0.1644;0.2232;0.272;0.2044;0.1228
0.0072;0.1684;0.224;0.2776;0.2024;0.1204
0.0064;0.1612;0.2236;0.28;0.2084;0.1204
0.008;0.1644;0.2256;0.2756;0.2056;0.1208
0.01;0.1628;0.2244;0.2748;0.2036;0.1244
0.0084;0.1644;0.2212;0.2796;0.2064;0.12
0.008;0.162;0.2212;0.2816;0.206;0.1212
0.006;0.1696;0.2208;0.282;0.2028;0.1188
0.0104;0.164;0.2204;0.2804;0.2044;0.1204
0.008;0.164;0.2236;0.2804;0.2028;0.1212
0.0092;0.1588;0.2204;0.2796;0.2064;0.1256
0.0116;0.164;0.2204;0.2784;0.204;0.1216
0.0164;0.1664;0.22;0.2816;0.2008;0.1148
0.0112;0.1668;0.2204;0.276;0.2024;0.1232
0.0124;0.1652;0.2236;0.2772;0.2048;0.1168
0.014;0.1632;0.2172;0.2808;0.2024;0.1224
0.0124;0.1648;0.216;0.2828;0.2016;0.1224
0.0092;0.1608;0.2216;0.2816;0.2044;0.1224
0.0112;0.1596;0.2192;0.286;0.2028;0.1212
0.0092;0.1612;0.2204;0.2824;0.2092;0.1176
0.0116;0.1612;0.218;0.2792;0.2064;0.1236
0.0096;0.158;0.2232;0.2832;0.2068;0.1192
0.0104;0.158;0.2224;0.2828;0.2068;0.1196
0.0116;0.1584;0.2192;0.2856;0.2064;0.1188
0.0052;0.158;0.2272;0.2844;0.2088;0.1164
0.0128;0.1556;0.2244;0.284;0.206;0.1172
0.0124;0.1592;0.2188;0.2876;0.2064;0.1156
0.0104;0.1604;0.2236;0.282;0.2032;0.1204
0.01;0.1584;0.2228;0.2812;0.2076;0.12
0.0124;0.1632;0.2188;0.2808;0.2072;0.1176
0.0108;0.1612;0.2232;0.2804;0.2036;0.1208
0.0108;0.1644;0.2204;0.2824;0.2048;0.1172
0.012;0.1596;0.2208;0.2812;0.2068;0.1196
0.016;0.1588;0.22;0.2836;0.2072;0.1144
0.0128;0.1632;0.2216;0.2832;0.2;0.1192
0.0108;0.1604;0.2244;0.2824;0.2028;0.1192
0.008;0.1588;0.2228;0.2804;0.212;0.118
0.0108;0.1604;0.2268;0.2852;0.2012;0.1156
0.0056;0.164;0.2256;0.282;0.206;0.1168
0.0112;0.1608;0.2256;0.2884;0.1988;0.1152
0.0108;0.1548;0.224;0.2844;0.204;0.122
0.0116;0.1604;0.2264;0.2836;0.1988;0.1192
0.0092;0.1596;0.2284;0.2844;0.2012;0.1172
0.0092;0.1608;0.2264;0.2852;0.204;0.1144
0.0104;0.1588;0.2268;0.2844;0.202;0.1176
0.01;0.162;0.2232;0.2828;0.2036;0.1184
0.0104;0.1588;0.2276;0.2868;0.2004;0.116
0.0088;0.1592;0.2252;0.2864;0.202;0.1184
0.012;0.162;0.224;0.2832;0.1996;0.1192
0.0112;0.162;0.2236;0.2848;0.2004;0.118
0.0096;0.1608;0.2252;0.2836;0.2048;0.116
0.0092;0.162;0.226;0.286;0.202;0.1148
0.0124;0.16;0.2248;0.288;0.1996;0.1152
0.0112;0.162;0.2236;0.2856;0.2028;0.1148
0.01;0.1572;0.2264;0.2848;0.2028;0.1188
0.0112;0.1596;0.2244;0.2864;0.206;0.1124
0.0136;0.158;0.2296;0.2848;0.1992;0.1148
0.01;0.158;0.224;0.2856;0.2024;0.12
0.0112;0.1592;0.2244;0.2912;0.1972;0.1168
0.0132;0.1588;0.2264;0.2916;0.1976;0.1124
0.0124;0.1552;0.2268;0.2864;0.2028;0.1164
0.0148;0.156;0.2244;0.2908;0.2;0.114
0.0068;0.1552;0.228;0.2896;0.2004;0.12
0.012;0.1564;0.2288;0.2848;0.2024;0.1156
0.0092;0.16;0.228;0.2856;0.2016;0.1156
0.0112;0.1572;0.228;0.2888;0.2008;0.114
0.0084;0.1588;0.2276;0.2868;0.2004;0.118
0.0104;0.1568;0.2288;0.288;0.1988;0.1172
0.01;0.1572;0.2284;0.2884;0.2008;0.1152
0.0144;0.156;0.2268;0.2892;0.1972;0.1164
0.0144;0.1544;0.2232;0.2876;0.2012;0.1192
0.0132;0.1584;0.2272;0.2872;0.198;0.116
0.0108;0.1552;0.222;0.2896;0.204;0.1184
0.01;0.158;0.2256;0.2904;0.2;0.116
0.0084;0.1564;0.2288;0.2896;0.1992;0.1176
0.0104;0.152;0.2288;0.2912;0.1996;0.118
0.0108;0.156;0.226;0.2908;0.2;0.1164
0.0076;0.154;0.2292;0.292;0.2016;0.1156
0.0108;0.1536;0.2256;0.29;0.2024;0.1176
0.008;0.1584;0.2284;0.288;0.2004;0.1168
0.0108;0.1568;0.228;0.294;0.1988;0.1116
0.0096;0.1568;0.226;0.29;0.2024;0.1152
0.0088;0.1572;0.2288;0.2912;0.1976;0.1164
0.0108;0.1556;0.2248;0.292;0.2004;0.1164
0.0068;0.158;0.2312;0.2892;0.2004;0.1144
0.0096;0.1548;0.2248;0.2932;0.1996;0.118
0.0068;0.1612;0.2272;0.2912;0.2012;0.1124
0.0108;0.1564;0.2276;0.2892;0.2004;0.1156
0.01;0.1548;0.2244;0.2904;0.2024;0.118
0.0096;0.1576;0.2224;0.2932;0.2012;0.116
0.0072;0.1592;0.2272;0.2916;0.2008;0.114
0.0112;0.1524;0.226;0.2916;0.2008;0.118
0.0092;0.156;0.2272;0.2912;0.2012;0.1152
0.0128;0.1544;0.2268;0.2924;0.1992;0.1144
0.0136;0.1592;0.2228;0.2892;0.1988;0.1164
0.01;0.156;0.23;0.288;0.1992;0.1168
0.0108;0.1532;0.232;0.2872;0.2012;0.1156
0.012;0.1556;0.2228;0.2916;0.202;0.116
0.0104;0.1556;0.2264;0.2912;0.1996;0.1168
0.0096;0.1536;0.2284;0.2928;0.204;0.1116
0.0108;0.1548;0.2272;0.2932;0.1992;0.1148
0.0116;0.156;0.2296;0.2924;0.1984;0.112
0.0096;0.152;0.2268;0.2888;0.2048;0.118
0.0104;0.1592;0.228;0.2904;0.2004;0.1116
0.0088;0.1564;0.2272;0.2932;0.202;0.1124
0.0088;0.152;0.2264;0.2888;0.2048;0.1192
0.0092;0.1548;0.2296;0.29;0.1992;0.1172
0.012;0.156;0.2264;0.2904;0.1992;0.116
0.0132;0.1592;0.2252;0.2904;0.2012;0.1108
0.008;0.1548;0.2256;0.2912;0.202;0.1184
0.01;0.1556;0.228;0.292;0.202;0.1124
0.0088;0.154;0.2276;0.292;0.2;0.1176
0.0092;0.1548;0.2288;0.2892;0.2012;0.1168
0.0124;0.1528;0.228;0.2884;0.2008;0.1176
0.0104;0.1532;0.226;0.2908;0.2036;0.116
0.008;0.1528;0.2312;0.2876;0.2016;0.1188
0.0116;0.1544;0.2228;0.2904;0.2024;0.1184
0.0104;0.1572;0.2308;0.286;0.2012;0.1144
0.0108;0.1576;0.2256;0.2944;0.1976;0.114
0.0112;0.1532;0.2252;0.29;0.2004;0.12
0.0124;0.1496;0.228;0.294;0.1988;0.1172
0.0096;0.1548;0.2236;0.2912;0.2024;0.1184
0.0088;0.1536;0.228;0.2924;0.2048;0.1124
0.0104;0.1552;0.2268;0.294;0.1992;0.1144
0.0096;0.1524;0.2312;0.294;0.2024;0.1104
0.0092;0.1532;0.228;0.292;0.1996;0.118
0.0108;0.1564;0.2248;0.2952;0.2;0.1128
0.0104;0.1484;0.226;0.2972;0.2032;0.1148
0.01;0.1524;0.2264;0.2968;0.1976;0.1168
0.008;0.152;0.2284;0.2924;0.2032;0.116
0.012;0.1492;0.2288;0.2968;0.1996;0.1136
0.0088;0.1488;0.2316;0.2936;0.2032;0.114
0.0104;0.1528;0.23;0.2952;0.196;0.1156
0.0104;0.1524;0.2304;0.29;0.2004;0.1164
0.0104;0.1524;0.226;0.2908;0.2048;0.1156
0.0116;0.1512;0.2272;0.296;0.2028;0.1112
0.0132;0.1524;0.2268;0.2904;0.2004;0.1168
0.0084;0.1496;0.2304;0.298;0.2028;0.1108
0.0092;0.1508;0.2284;0.2936;0.2032;0.1148
0.0096;0.1496;0.2304;0.2944;0.2012;0.1148
0.0136;0.1516;0.226;0.2964;0.1992;0.1132
0.0104;0.1512;0.2244;0.2972;0.2044;0.1124
0.0108;0.156;0.2216;0.2956;0.2036;0.1124
0.0108;0.1516;0.2288;0.2932;0.2032;0.1124
0.0088;0.1576;0.2256;0.2908;0.202;0.1152
0.0108;0.1532;0.2276;0.296;0.2024;0.11
0.01;0.1544;0.2272;0.2912;0.2024;0.1148
0.0108;0.1568;0.2284;0.2888;0.204;0.1112
0.0108;0.1564;0.2308;0.29;0.2008;0.1112
0.0116;0.152;0.2304;0.2904;0.2052;0.1104
0.0092;0.152;0.2304;0.296;0.2028;0.1096
0.0096;0.1548;0.2312;0.2908;0.2048;0.1088
0.0104;0.1524;0.2304;0.2916;0.202;0.1132
0.0104;0.1528;0.23;0.2932;0.2004;0.1132
0.008;0.156;0.2284;0.292;0.2064;0.1092
0.0084;0.1536;0.228;0.2936;0.2016;0.1148
0.01;0.1556;0.226;0.296;0.204;0.1084
0.01;0.1512;0.2332;0.2932;0.2016;0.1108
0.0064;0.1524;0.2316;0.2976;0.2008;0.1112
0.01;0.1512;0.2296;0.2932;0.2036;0.1124
0.0112;0.152;0.2288;0.2964;0.2016;0.11
0.008;0.152;0.2296;0.2944;0.2028;0.1132
0.0088;0.152;0.232;0.2936;0.1996;0.114
0.0076;0.1552;0.2292;0.2904;0.2052;0.1124
0.0108;0.1508;0.2288;0.2964;0.2;0.1132
0.0108;0.1512;0.2292;0.2964;0.2008;0.1116
0.0072;0.1524;0.2328;0.2924;0.2008;0.1144
0.012;0.152;0.2292;0.292;0.2048;0.11
0.008;0.1504;0.2324;0.2988;0.2016;0.1088
0.0116;0.152;0.2268;0.2956;0.2012;0.1128
0.0108;0.1496;0.2328;0.2932;0.2024;0.1112
0.0096;0.1516;0.2296;0.296;0.2004;0.1128
0.0076;0.1524;0.2304;0.296;0.2004;0.1132
0.0124;0.1496;0.2272;0.2956;0.2;0.1152
0.0068;0.1496;0.2304;0.298;0.2008;0.1144
0.0096;0.1508;0.2296;0.2984;0.2012;0.1104
0.0116;0.1496;0.2264;0.2968;0.202;0.1136
0.0072;0.1524;0.2308;0.2944;0.202;0.1132
0.014;0.1504;0.2324;0.2948;0.1984;0.11
0.0084;0.1532;0.2304;0.2972;0.2016;0.1092
0.0104;0.1496;0.23;0.2992;0.2016;0.1092
0.012;0.1504;0.2332;0.294;0.2012;0.1092
0.0096;0.1496;0.2304;0.2992;0.1988;0.1124
0.0072;0.1512;0.2312;0.2984;0.2024;0.1096
0.01;0.1508;0.2304;0.2984;0.2012;0.1092
0.0076;0.1516;0.2316;0.2952;0.2008;0.1132
0.0084;0.1504;0.2336;0.296;0.204;0.1076
0.0076;0.1516;0.2304;0.2924;0.2052;0.1128
0.0088;0.1468;0.2328;0.2964;0.2004;0.1148
0.0092;0.148;0.2328;0.2992;0.1976;0.1132
0.0088;0.1532;0.232;0.294;0.1996;0.1124
0.0132;0.1532;0.2304;0.2924;0.1972;0.1136
0.0124;0.1532;0.2332;0.2936;0.198;0.1096
0.0088;0.1536;0.2336;0.2948;0.1956;0.1136
0.0108;0.15;0.2324;0.2948;0.1996;0.1124
0.0092;0.1532;0.232;0.296;0.1976;0.112
0.0112;0.1496;0.2324;0.2956;0.1968;0.1144
0.0112;0.1516;0.2324;0.2988;0.1964;0.1096
0.0076;0.1512;0.2344;0.296;0.198;0.1128
0.0088;0.1528;0.2352;0.294;0.1972;0.112
0.0084;0.154;0.2344;0.292;0.1984;0.1128
0.0092;0.152;0.2324;0.2944;0.198;0.114
0.008;0.1572;0.2332;0.292;0.1988;0.1108
0.0068;0.1536;0.2364;0.2948;0.1956;0.1128
0.0132;0.1564;0.2328;0.2928;0.1976;0.1072
0.0088;0.154;0.2364;0.2948;0.1976;0.1084
0.0092;0.1512;0.2328;0.2956;0.1992;0.112
0.012;0.1568;0.2288;0.2944;0.1976;0.1104
0.0096;0.1576;0.2292;0.292;0.1992;0.1124
0.0124;0.154;0.2288;0.2936;0.2036;0.1076
0.0108;0.1504;0.234;0.2948;0.1992;0.1108
0.0096;0.1488;0.2316;0.2972;0.1976;0.1152
0.0116;0.1568;0.2324;0.2964;0.1968;0.106
0.0112;0.1532;0.2296;0.2952;0.1996;0.1112
0.0132;0.1528;0.2288;0.2984;0.1972;0.1096
0.0116;0.1548;0.2284;0.2976;0.198;0.1096
0.0116;0.1532;0.2268;0.296;0.2;0.1124
0.0088;0.154;0.2292;0.2988;0.198;0.1112
0.01;0.1556;0.2284;0.298;0.196;0.112
0.0116;0.1552;0.2308;0.2956;0.1968;0.11
0.0096;0.1572;0.23;0.2964;0.1992;0.1076
0.0084;0.1536;0.2248;0.302;0.2012;0.11
0.0076;0.1576;0.2312;0.296;0.1984;0.1092
0.0136;0.1544;0.2304;0.2996;0.196;0.106
0.0128;0.1548;0.2284;0.2976;0.1972;0.1092
0.0136;0.152;0.2352;0.2956;0.1996;0.104
0.008;0.1588;0.2296;0.2984;0.1988;0.1064
0.0108;0.1584;0.2292;0.2972;0.1992;0.1052
0.0084;0.154;0.2292;0.2972;0.1984;0.1128
0.0132;0.1552;0.2312;0.2964;0.1956;0.1084
0.012;0.1564;0.2312;0.2984;0.1956;0.1064
0.0104;0.158;0.2292;0.2976;0.1984;0.1064
0.0108;0.1568;0.234;0.296;0.1976;0.1048
0.0116;0.1564;0.2312;0.2996;0.1956;0.1056
0.0084;0.1548;0.2316;0.298;0.1984;0.1088
0.0108;0.1536;0.2324;0.2964;0.2;0.1068
0.0116;0.1524;0.234;0.2936;0.1968;0.1116
0.0128;0.1564;0.2284;0.2944;0.1984;0.1096
0.0092;0.1536;0.2308;0.2964;0.198;0.112
0.008;0.1548;0.2348;0.2948;0.1964;0.1112
0.0084;0.1552;0.2336;0.296;0.1976;0.1092
0.008;0.1592;0.2328;0.2968;0.1948;0.1084
0.0104;0.1584;0.2312;0.2992;0.1964;0.1044
0.0108;0.158;0.2316;0.296;0.194;0.1096
0.0084;0.1524;0.2312;0.3;0.1956;0.1124
0.0104;0.1548;0.2332;0.2988;0.1956;0.1072
0.0092;0.1596;0.2308;0.2956;0.1992;0.1056
0.01;0.156;0.2312;0.2956;0.1952;0.112
0.0116;0.1544;0.2328;0.3012;0.192;0.108
0.0112;0.1536;0.23;0.298;0.196;0.1112
0.01;0.1584;0.2284;0.2992;0.1988;0.1052
0.0084;0.1572;0.232;0.2992;0.1964;0.1068
0.0108;0.1584;0.2304;0.3008;0.1944;0.1052
0.0092;0.1528;0.232;0.2996;0.1992;0.1072
0.012;0.1552;0.2332;0.2988;0.1956;0.1052
0.0112;0.1608;0.232;0.2972;0.1956;0.1032
0.0116;0.1576;0.2316;0.2984;0.1924;0.1084
0.01;0.1616;0.23;0.2956;0.1932;0.1096
0.0108;0.1532;0.2328;0.2964;0.1948;0.112
0.008;0.158;0.2324;0.2956;0.1968;0.1092
0.0084;0.1584;0.2304;0.2968;0.1968;0.1092
0.0108;0.158;0.2296;0.2956;0.198;0.108
0.01;0.1556;0.2316;0.2976;0.1968;0.1084
0.0088;0.158;0.232;0.2972;0.196;0.108
0.0128;0.1552;0.2348;0.2992;0.1924;0.1056
0.0104;0.1536;0.2312;0.2972;0.1964;0.1112
0.0092;0.154;0.2276;0.3032;0.198;0.108
0.0088;0.154;0.2336;0.2972;0.1964;0.11
0.0112;0.1532;0.2312;0.3008;0.1972;0.1064
0.0072;0.15;0.234;0.302;0.1972;0.1096
0.0108;0.156;0.2288;0.3004;0.1976;0.1064
0.008;0.1544;0.234;0.2992;0.1968;0.1076
0.0096;0.1528;0.2356;0.2976;0.1976;0.1068
0.0096;0.1532;0.2336;0.2996;0.196;0.108
0.0104;0.1544;0.232;0.2944;0.1964;0.1124
0.01;0.1516;0.2324;0.2972;0.198;0.1108
0.0076;0.156;0.2304;0.3004;0.196;0.1096
0.0088;0.1516;0.2336;0.2976;0.1972;0.1112
0.0096;0.1552;0.2328;0.2956;0.1964;0.1104
0.012;0.1524;0.2352;0.2988;0.194;0.1076
0.01;0.154;0.238;0.2956;0.196;0.1064
0.0096;0.1556;0.2352;0.2936;0.1968;0.1092
0.0076;0.1548;0.2372;0.2956;0.196;0.1088
0.0108;0.1532;0.236;0.2988;0.1952;0.106
0.0096;0.156;0.2352;0.294;0.1964;0.1088
0.0152;0.1532;0.2336;0.2976;0.1936;0.1068
0.008;0.1536;0.2336;0.302;0.1976;0.1052
0.0116;0.1516;0.234;0.3024;0.1972;0.1032
0.0104;0.1548;0.2352;0.2956;0.198;0.106
0.0104;0.154;0.2364;0.2988;0.1912;0.1092
0.0088;0.16;0.2284;0.2992;0.1948;0.1088
0.0108;0.1568;0.2316;0.2988;0.196;0.106
0.0088;0.1576;0.2344;0.2924;0.1968;0.11
0.0124;0.1548;0.2324;0.2992;0.196;0.1052
0.0084;0.1592;0.2336;0.2964;0.1984;0.104
0.0076;0.1608;0.2336;0.2984;0.196;0.1036
0.012;0.1532;0.2348;0.2948;0.1976;0.1076
0.0124;0.1556;0.2328;0.2952;0.1996;0.1044
0.0088;0.1608;0.232;0.2972;0.1968;0.1044
0.008;0.1556;0.232;0.2968;0.1984;0.1092
0.0136;0.1568;0.2336;0.2936;0.1988;0.1036
0.0132;0.1524;0.2364;0.2956;0.1992;0.1032
0.0096;0.1552;0.2348;0.2948;0.1984;0.1072
0.01;0.154;0.2396;0.2944;0.196;0.106
0.0088;0.1536;0.2396;0.2944;0.1992;0.1044
0.0096;0.1584;0.238;0.2916;0.2008;0.1016
0.0116;0.1592;0.2368;0.294;0.196;0.1024
0.0096;0.1572;0.2352;0.298;0.198;0.102
